  8.5416667e-001  1.0000000e+000  1.0000000e+000  3.3962264e-001  4.4748858e-001  0.0000000e+000  1.0000000e+000  2.9007634e-001  0.0000000e+000  3.8709677e-001  5.0000000e-001  1.0000000e+000  0.0000000e+000  2.0000000e+000
  7.9166667e-001  0.0000000e+000  6.6666667e-001  1.9811321e-001  1.0000000e+000  0.0000000e+000  1.0000000e+000  6.7938931e-001  0.0000000e+000  2.5806452e-001  5.0000000e-001  0.0000000e+000  1.0000000e+000  1.0000000e+000
  5.8333333e-001  1.0000000e+000  3.3333333e-001  2.8301887e-001  3.0821918e-001  0.0000000e+000  0.0000000e+000  5.3435115e-001  0.0000000e+000  4.8387097e-002  0.0000000e+000  0.0000000e+000  1.0000000e+000  2.0000000e+000
  7.2916667e-001  1.0000000e+000  1.0000000e+000  3.2075472e-001  3.1278539e-001  0.0000000e+000  0.0000000e+000  2.5954198e-001  1.0000000e+000  3.2258065e-002  5.0000000e-001  3.3333333e-001  1.0000000e+000  1.0000000e+000
  9.3750000e-001  0.0000000e+000  3.3333333e-001  2.4528302e-001  3.2648402e-001  0.0000000e+000  1.0000000e+000  3.8167939e-001  1.0000000e+000  3.2258065e-002  0.0000000e+000  3.3333333e-001  0.0000000e+000  1.0000000e+000
  7.5000000e-001  1.0000000e+000  1.0000000e+000  2.4528302e-001  1.1643836e-001  0.0000000e+000  0.0000000e+000  5.2671756e-001  0.0000000e+000  6.4516129e-002  0.0000000e+000  0.0000000e+000  1.0000000e+000  1.0000000e+000
  5.6250000e-001  1.0000000e+000  6.6666667e-001  3.3962264e-001  2.9680365e-001  1.0000000e+000  1.0000000e+000  5.4198473e-001  1.0000000e+000  9.6774194e-002  5.0000000e-001  3.3333333e-001  7.5000000e-001  2.0000000e+000
  6.2500000e-001  1.0000000e+000  1.0000000e+000  1.5094340e-001  2.5799087e-001  0.0000000e+000  1.0000000e+000  5.4198473e-001  1.0000000e+000  1.9354839e-001  5.0000000e-001  3.3333333e-001  1.0000000e+000  2.0000000e+000
  6.4583333e-001  1.0000000e+000  1.0000000e+000  4.3396226e-001  3.8127854e-001  0.0000000e+000  1.0000000e+000  7.5572519e-001  0.0000000e+000  1.9354839e-001  5.0000000e-001  6.6666667e-001  1.0000000e+000  2.0000000e+000
  7.0833333e-001  0.0000000e+000  1.0000000e+000  5.2830189e-001  6.4155251e-001  0.0000000e+000  1.0000000e+000  6.3358779e-001  0.0000000e+000  6.4516129e-001  5.0000000e-001  1.0000000e+000  1.0000000e+000  2.0000000e+000
  6.2500000e-001  1.0000000e+000  1.0000000e+000  3.8679245e-001  2.4657534e-001  0.0000000e+000  0.0000000e+000  6.8702290e-001  0.0000000e+000  8.0645161e-002  5.0000000e-001  0.0000000e+000  1.0000000e+000  1.0000000e+000
  5.0000000e-001  1.0000000e+000  1.0000000e+000  4.5283019e-001  2.2831050e-001  0.0000000e+000  1.0000000e+000  3.0534351e-001  1.0000000e+000  0.0000000e+000  0.0000000e+000  0.0000000e+000  1.0000000e+000  1.0000000e+000
  3.1250000e-001  1.0000000e+000  6.6666667e-001  4.3396226e-001  2.4885845e-001  0.0000000e+000  1.0000000e+000  8.3206107e-001  0.0000000e+000  0.0000000e+000  0.0000000e+000  0.0000000e+000  0.0000000e+000  1.0000000e+000
  6.6666667e-001  1.0000000e+000  0.0000000e+000  3.7735849e-001  2.4657534e-001  0.0000000e+000  0.0000000e+000  5.6488550e-001  0.0000000e+000  4.1935484e-001  5.0000000e-001  6.6666667e-001  0.0000000e+000  2.0000000e+000
  5.8333333e-001  0.0000000e+000  1.0000000e+000  3.2075472e-001  4.0410959e-001  0.0000000e+000  1.0000000e+000  6.7175573e-001  0.0000000e+000  0.0000000e+000  0.0000000e+000  3.3333333e-001  0.0000000e+000  1.0000000e+000
  8.7500000e-001  0.0000000e+000  1.0000000e+000  1.6981132e-001  5.2511416e-002  0.0000000e+000  0.0000000e+000  4.1221374e-001  0.0000000e+000  2.5806452e-001  5.0000000e-001  0.0000000e+000  0.0000000e+000  1.0000000e+000
  3.5416667e-001  1.0000000e+000  1.0000000e+000  4.3396226e-001  4.2237443e-001  0.0000000e+000  0.0000000e+000  3.7404580e-001  1.0000000e+000  2.9032258e-001  5.0000000e-001  6.6666667e-001  1.0000000e+000  2.0000000e+000
  5.0000000e-001  1.0000000e+000  1.0000000e+000  4.3396226e-001  1.7579909e-001  1.0000000e+000  1.0000000e+000  6.4122137e-001  1.0000000e+000  5.0000000e-001  1.0000000e+000  0.0000000e+000  1.0000000e+000  2.0000000e+000
  7.2916667e-001  1.0000000e+000  0.0000000e+000  1.5094340e-001  1.9406393e-001  0.0000000e+000  1.0000000e+000  5.5725191e-001  1.0000000e+000  2.9032258e-001  5.0000000e-001  0.0000000e+000  0.0000000e+000  1.0000000e+000
  2.2916667e-001  1.0000000e+000  0.0000000e+000  4.3396226e-001  1.6666667e-001  0.0000000e+000  0.0000000e+000  8.1679389e-001  1.0000000e+000  2.2580645e-001  0.0000000e+000  0.0000000e+000  1.0000000e+000  1.0000000e+000
  7.9166667e-001  1.0000000e+000  1.0000000e+000  2.4528302e-001  2.3515982e-001  0.0000000e+000  1.0000000e+000  4.4274809e-001  1.0000000e+000  4.1935484e-001  5.0000000e-001  6.6666667e-001  1.0000000e+000  2.0000000e+000
  3.9583333e-001  1.0000000e+000  3.3333333e-001  3.3962264e-001  2.7168950e-001  0.0000000e+000  1.0000000e+000  8.3206107e-001  0.0000000e+000  3.2258065e-002  5.0000000e-001  0.0000000e+000  0.0000000e+000  1.0000000e+000
  2.9166667e-001  1.0000000e+000  1.0000000e+000  1.9811321e-001  4.0410959e-001  0.0000000e+000  0.0000000e+000  8.3969466e-001  0.0000000e+000  1.9354839e-001  5.0000000e-001  0.0000000e+000  0.0000000e+000  1.0000000e+000
  3.7500000e-001  1.0000000e+000  1.0000000e+000  1.6981132e-001  1.7808219e-001  0.0000000e+000  0.0000000e+000  5.4961832e-001  0.0000000e+000  1.6129032e-002  0.0000000e+000  0.0000000e+000  0.0000000e+000  1.0000000e+000
  5.2083333e-001  0.0000000e+000  3.3333333e-001  3.5849057e-001  3.6986301e-001  1.0000000e+000  1.0000000e+000  6.7175573e-001  1.0000000e+000  0.0000000e+000  0.0000000e+000  3.3333333e-001  0.0000000e+000  1.0000000e+000
  3.9583333e-001  0.0000000e+000  6.6666667e-001  3.3962264e-001  3.4018265e-001  0.0000000e+000  0.0000000e+000  5.1908397e-001  0.0000000e+000  3.2258065e-002  0.0000000e+000  0.0000000e+000  0.0000000e+000  1.0000000e+000
  3.5416667e-001  0.0000000e+000  1.0000000e+000  4.1509434e-001  2.6712329e-001  0.0000000e+000  1.0000000e+000  6.1832061e-001  1.0000000e+000  0.0000000e+000  5.0000000e-001  0.0000000e+000  0.0000000e+000  1.0000000e+000
  4.5833333e-001  0.0000000e+000  6.6666667e-001  2.4528302e-001  3.8584475e-001  0.0000000e+000  1.0000000e+000  6.5648855e-001  0.0000000e+000  9.6774194e-002  0.0000000e+000  0.0000000e+000  0.0000000e+000  1.0000000e+000
  6.0416667e-001  1.0000000e+000  6.6666667e-001  1.6981132e-001  2.3744292e-001  0.0000000e+000  1.0000000e+000  7.1755725e-001  0.0000000e+000  4.0322581e-001  5.0000000e-001  3.3333333e-001  1.0000000e+000  2.0000000e+000
  8.7500000e-001  0.0000000e+000  6.6666667e-001  1.5094340e-001  3.1735160e-001  1.0000000e+000  1.0000000e+000  4.5038168e-001  0.0000000e+000  0.0000000e+000  0.0000000e+000  3.3333333e-001  0.0000000e+000  1.0000000e+000
  5.8333333e-001  1.0000000e+000  6.6666667e-001  3.2075472e-001  2.3515982e-001  0.0000000e+000  1.0000000e+000  6.0305344e-001  0.0000000e+000  6.4516129e-002  5.0000000e-001  3.3333333e-001  1.0000000e+000  2.0000000e+000
  7.7083333e-001  1.0000000e+000  1.0000000e+000  6.2264151e-001  2.3287671e-001  0.0000000e+000  1.0000000e+000  5.1145038e-001  0.0000000e+000  3.7096774e-001  0.0000000e+000  0.0000000e+000  7.5000000e-001  1.0000000e+000
  1.6666667e-001  0.0000000e+000  6.6666667e-001  2.4528302e-001  2.0319635e-001  0.0000000e+000  0.0000000e+000  7.5572519e-001  0.0000000e+000  0.0000000e+000  0.0000000e+000  0.0000000e+000  0.0000000e+000  1.0000000e+000
  6.2500000e-001  1.0000000e+000  1.0000000e+000  7.1698113e-001  4.5662100e-001  0.0000000e+000  1.0000000e+000  5.2671756e-001  1.0000000e+000  5.4838710e-001  1.0000000e+000  0.0000000e+000  1.0000000e+000  2.0000000e+000
  4.3750000e-001  1.0000000e+000  1.0000000e+000  4.7169811e-001  1.6894977e-001  0.0000000e+000  1.0000000e+000  4.1984733e-001  1.0000000e+000  1.4516129e-001  5.0000000e-001  0.0000000e+000  1.0000000e+000  2.0000000e+000
  3.9583333e-001  1.0000000e+000  1.0000000e+000  3.3962264e-001  2.9680365e-001  1.0000000e+000  1.0000000e+000  6.0305344e-001  1.0000000e+000  0.0000000e+000  0.0000000e+000  6.6666667e-001  1.0000000e+000  2.0000000e+000
  6.6666667e-001  1.0000000e+000  1.0000000e+000  4.3396226e-001  1.8493151e-001  0.0000000e+000  1.0000000e+000  5.1145038e-001  1.0000000e+000  3.0645161e-001  0.0000000e+000  3.3333333e-001  1.0000000e+000  2.0000000e+000
  6.2500000e-001  1.0000000e+000  0.0000000e+000  6.2264151e-001  3.3561644e-001  0.0000000e+000  1.0000000e+000  4.1221374e-001  0.0000000e+000  0.0000000e+000  0.0000000e+000  0.0000000e+000  0.0000000e+000  2.0000000e+000
  2.7083333e-001  1.0000000e+000  6.6666667e-001  3.3962264e-001  1.2328767e-001  0.0000000e+000  0.0000000e+000  6.0305344e-001  0.0000000e+000  0.0000000e+000  0.0000000e+000  0.0000000e+000  0.0000000e+000  1.0000000e+000
  3.9583333e-001  1.0000000e+000  1.0000000e+000  2.6415094e-001  2.1917808e-001  0.0000000e+000  1.0000000e+000  8.7786260e-001  0.0000000e+000  0.0000000e+000  0.0000000e+000  0.0000000e+000  0.0000000e+000  1.0000000e+000
  2.2916667e-001  1.0000000e+000  1.0000000e+000  5.4716981e-001  2.2146119e-001  0.0000000e+000  0.0000000e+000  8.3969466e-001  0.0000000e+000  0.0000000e+000  0.0000000e+000  0.0000000e+000  1.0000000e+000  2.0000000e+000
  6.8750000e-001  0.0000000e+000  1.0000000e+000  2.8301887e-001  1.8949772e-001  0.0000000e+000  0.0000000e+000  7.0229008e-001  0.0000000e+000  0.0000000e+000  0.0000000e+000  0.0000000e+000  0.0000000e+000  1.0000000e+000
  3.1250000e-001  1.0000000e+000  6.6666667e-001  3.3962264e-001  2.4429224e-001  0.0000000e+000  0.0000000e+000  8.2442748e-001  1.0000000e+000  6.4516129e-002  0.0000000e+000  0.0000000e+000  0.0000000e+000  1.0000000e+000
  3.5416667e-001  1.0000000e+000  3.3333333e-001  6.6037736e-002  1.6210046e-001  1.0000000e+000  0.0000000e+000  6.4885496e-001  0.0000000e+000  0.0000000e+000  0.0000000e+000  0.0000000e+000  1.0000000e+000  1.0000000e+000
  6.2500000e-001  1.0000000e+000  6.6666667e-001  3.0188679e-001  2.1004566e-001  1.0000000e+000  0.0000000e+000  4.8091603e-001  0.0000000e+000  3.5483871e-001  5.0000000e-001  3.3333333e-001  7.5000000e-001  2.0000000e+000
  6.0416667e-001  1.0000000e+000  6.6666667e-001  4.3396226e-001  1.9406393e-001  1.0000000e+000  1.0000000e+000  7.1755725e-001  0.0000000e+000  0.0000000e+000  0.0000000e+000  0.0000000e+000  0.0000000e+000  1.0000000e+000
  4.1666667e-001  1.0000000e+000  6.6666667e-001  2.2641509e-001  5.2511416e-002  0.0000000e+000  1.0000000e+000  4.1984733e-001  0.0000000e+000  1.2903226e-001  0.0000000e+000  1.0000000e+000  0.0000000e+000  2.0000000e+000
  3.1250000e-001  1.0000000e+000  1.0000000e+000  1.5094340e-001  1.6210046e-001  0.0000000e+000  1.0000000e+000  8.0916031e-001  0.0000000e+000  0.0000000e+000  0.0000000e+000  3.3333333e-001  0.0000000e+000  2.0000000e+000
  7.7083333e-001  1.0000000e+000  3.3333333e-001  6.2264151e-001  2.7397260e-001  0.0000000e+000  0.0000000e+000  3.7404580e-001  1.0000000e+000  0.0000000e+000  5.0000000e-001  1.0000000e+000  7.5000000e-001  2.0000000e+000
  7.5000000e-001  0.0000000e+000  1.0000000e+000  5.2830189e-001  2.2602740e-001  0.0000000e+000  1.0000000e+000  3.2824427e-001  0.0000000e+000  1.6129032e-001  5.0000000e-001  1.0000000e+000  1.0000000e+000  2.0000000e+000
  2.7083333e-001  1.0000000e+000  1.0000000e+000  3.9622642e-001  4.3150685e-001  0.0000000e+000  0.0000000e+000  4.1221374e-001  1.0000000e+000  2.9032258e-001  5.0000000e-001  0.0000000e+000  7.5000000e-001  2.0000000e+000
  4.7916667e-001  1.0000000e+000  3.3333333e-001  3.2075472e-001  1.8036530e-001  1.0000000e+000  0.0000000e+000  8.6259542e-001  0.0000000e+000  0.0000000e+000  0.0000000e+000  0.0000000e+000  0.0000000e+000  1.0000000e+000
  7.5000000e-001  0.0000000e+000  6.6666667e-001  4.3396226e-001  6.6438356e-001  1.0000000e+000  1.0000000e+000  6.5648855e-001  0.0000000e+000  1.2903226e-001  0.0000000e+000  3.3333333e-001  0.0000000e+000  1.0000000e+000
  7.0833333e-001  0.0000000e+000  3.3333333e-001  4.3396226e-001  1.5753425e-001  0.0000000e+000  0.0000000e+000  8.2442748e-001  0.0000000e+000  0.0000000e+000  0.0000000e+000  6.6666667e-001  0.0000000e+000  1.0000000e+000
  3.3333333e-001  0.0000000e+000  3.3333333e-001  3.3962264e-001  2.4657534e-001  0.0000000e+000  1.0000000e+000  7.9389313e-001  0.0000000e+000  9.6774194e-002  5.0000000e-001  0.0000000e+000  0.0000000e+000  1.0000000e+000
  2.5000000e-001  0.0000000e+000  3.3333333e-001  1.0377358e-001  1.6438356e-001  0.0000000e+000  0.0000000e+000  7.4045802e-001  0.0000000e+000  0.0000000e+000  0.0000000e+000  3.3333333e-001  0.0000000e+000  1.0000000e+000
  6.6666667e-001  1.0000000e+000  1.0000000e+000  4.1509434e-001  9.1324201e-002  0.0000000e+000  1.0000000e+000  4.1221374e-001  1.0000000e+000  5.8064516e-001  5.0000000e-001  3.3333333e-001  0.0000000e+000  2.0000000e+000
  6.4583333e-001  0.0000000e+000  6.6666667e-001  2.4528302e-001  1.1872146e-001  1.0000000e+000  0.0000000e+000  1.9083969e-001  0.0000000e+000  0.0000000e+000  0.0000000e+000  0.0000000e+000  0.0000000e+000  1.0000000e+000
  6.2500000e-001  0.0000000e+000  1.0000000e+000  7.5471698e-001  2.8082192e-001  0.0000000e+000  0.0000000e+000  5.4961832e-001  1.0000000e+000  0.0000000e+000  5.0000000e-001  0.0000000e+000  0.0000000e+000  2.0000000e+000
  6.8750000e-001  1.0000000e+000  3.3333333e-001  2.4528302e-001  3.5388128e-001  0.0000000e+000  1.0000000e+000  2.4427481e-001  0.0000000e+000  2.2580645e-001  5.0000000e-001  3.3333333e-001  1.0000000e+000  2.0000000e+000
  5.8333333e-001  1.0000000e+000  6.6666667e-001  5.2830189e-001  0.0000000e+000  1.0000000e+000  0.0000000e+000  7.7862595e-001  0.0000000e+000  3.2258065e-002  0.0000000e+000  3.3333333e-001  1.0000000e+000  1.0000000e+000
  4.5833333e-001  0.0000000e+000  1.0000000e+000  3.3962264e-001  4.0867580e-001  0.0000000e+000  0.0000000e+000  5.4198473e-001  1.0000000e+000  1.9354839e-001  5.0000000e-001  0.0000000e+000  1.0000000e+000  2.0000000e+000
  3.1250000e-001  1.0000000e+000  6.6666667e-001  2.4528302e-001  2.2831050e-001  0.0000000e+000  0.0000000e+000  7.4809160e-001  0.0000000e+000  0.0000000e+000  0.0000000e+000  0.0000000e+000  0.0000000e+000  1.0000000e+000
  6.4583333e-001  0.0000000e+000  0.0000000e+000  5.2830189e-001  2.6027397e-001  0.0000000e+000  0.0000000e+000  7.6335878e-001  0.0000000e+000  1.4516129e-001  0.0000000e+000  0.0000000e+000  0.0000000e+000  1.0000000e+000
  7.0833333e-001  1.0000000e+000  0.0000000e+000  4.8113208e-001  2.4429224e-001  1.0000000e+000  1.0000000e+000  6.0305344e-001  0.0000000e+000  3.7096774e-001  1.0000000e+000  0.0000000e+000  7.5000000e-001  1.0000000e+000
  5.8333333e-001  1.0000000e+000  1.0000000e+000  5.2830189e-001  3.4246575e-001  0.0000000e+000  1.0000000e+000  3.1297710e-001  1.0000000e+000  9.6774194e-002  5.0000000e-001  3.3333333e-001  7.5000000e-001  2.0000000e+000
  4.5833333e-001  1.0000000e+000  1.0000000e+000  4.3396226e-001  3.0821918e-001  0.0000000e+000  1.0000000e+000  8.7786260e-001  1.0000000e+000  0.0000000e+000  0.0000000e+000  0.0000000e+000  0.0000000e+000  1.0000000e+000
  6.0416667e-001  0.0000000e+000  3.3333333e-001  3.9622642e-001  4.4063927e-001  1.0000000e+000  1.0000000e+000  6.1832061e-001  0.0000000e+000  0.0000000e+000  0.0000000e+000  6.6666667e-001  0.0000000e+000  2.0000000e+000
  3.1250000e-001  0.0000000e+000  6.6666667e-001  2.2641509e-001  2.6484018e-001  0.0000000e+000  0.0000000e+000  5.9541985e-001  0.0000000e+000  4.8387097e-002  5.0000000e-001  3.3333333e-001  0.0000000e+000  1.0000000e+000
  3.7500000e-001  1.0000000e+000  6.6666667e-001  1.3207547e-001  2.6712329e-001  0.0000000e+000  0.0000000e+000  6.1832061e-001  0.0000000e+000  0.0000000e+000  0.0000000e+000  0.0000000e+000  0.0000000e+000  2.0000000e+000
  6.6666667e-001  1.0000000e+000  1.0000000e+000  2.4528302e-001  3.0593607e-001  0.0000000e+000  0.0000000e+000  5.2671756e-001  1.0000000e+000  5.8064516e-001  5.0000000e-001  3.3333333e-001  1.0000000e+000  2.0000000e+000
  5.8333333e-001  0.0000000e+000  1.0000000e+000  2.4528302e-001  5.2054795e-001  0.0000000e+000  0.0000000e+000  7.0229008e-001  1.0000000e+000  9.6774194e-002  0.0000000e+000  0.0000000e+000  0.0000000e+000  1.0000000e+000
  8.5416667e-001  1.0000000e+000  3.3333333e-001  5.8490566e-001  2.7168950e-001  0.0000000e+000  1.0000000e+000  5.4961832e-001  0.0000000e+000  0.0000000e+000  0.0000000e+000  0.0000000e+000  0.0000000e+000  1.0000000e+000
  9.7916667e-001  0.0000000e+000  6.6666667e-001  4.3396226e-001  1.6210046e-001  0.0000000e+000  5.0000000e-001  3.4351145e-001  0.0000000e+000  1.7741935e-001  5.0000000e-001  0.0000000e+000  0.0000000e+000  1.0000000e+000
  7.9166667e-001  0.0000000e+000  1.0000000e+000  1.1320755e-001  2.2146119e-001  0.0000000e+000  0.0000000e+000  5.4198473e-001  0.0000000e+000  4.8387097e-002  0.0000000e+000  6.6666667e-001  0.0000000e+000  1.0000000e+000
  3.3333333e-001  1.0000000e+000  1.0000000e+000  4.5283019e-001  4.1780822e-001  0.0000000e+000  1.0000000e+000  5.8015267e-001  1.0000000e+000  0.0000000e+000  5.0000000e-001  1.0000000e+000  1.0000000e+000  2.0000000e+000
  3.3333333e-001  1.0000000e+000  1.0000000e+000  9.4339623e-002  1.8721461e-001  0.0000000e+000  1.0000000e+000  5.8778626e-001  1.0000000e+000  4.8387097e-001  5.0000000e-001  0.0000000e+000  0.0000000e+000  1.0000000e+000
  2.0833333e-001  0.0000000e+000  6.6666667e-001 -1.1102230e-016  1.6666667e-001  0.0000000e+000  0.0000000e+000  8.2442748e-001  0.0000000e+000  0.0000000e+000  0.0000000e+000  0.0000000e+000  0.0000000e+000  1.0000000e+000
  2.7083333e-001  0.0000000e+000  6.6666667e-001  2.4528302e-001  1.8949772e-001  0.0000000e+000  0.0000000e+000  7.7862595e-001  0.0000000e+000  0.0000000e+000  5.0000000e-001  0.0000000e+000  0.0000000e+000  1.0000000e+000
  5.6250000e-001  1.0000000e+000  3.3333333e-001  2.4528302e-001  2.5114155e-001  0.0000000e+000  0.0000000e+000  8.1679389e-001  0.0000000e+000  1.2903226e-001  0.0000000e+000  0.0000000e+000  0.0000000e+000  1.0000000e+000
  6.0416667e-001  1.0000000e+000  1.0000000e+000  4.9056604e-001  2.1004566e-001  0.0000000e+000  0.0000000e+000  2.5954198e-001  0.0000000e+000  3.2258065e-001  5.0000000e-001  3.3333333e-001  1.0000000e+000  2.0000000e+000
  1.2500000e-001  1.0000000e+000  1.0000000e+000  2.4528302e-001  1.6438356e-001  0.0000000e+000  0.0000000e+000  4.5038168e-001  1.0000000e+000  2.5806452e-001  5.0000000e-001  0.0000000e+000  1.0000000e+000  2.0000000e+000
  6.0416667e-001  1.0000000e+000  1.0000000e+000  5.2830189e-001  3.2876712e-001  0.0000000e+000  1.0000000e+000  3.0534351e-001  1.0000000e+000  1.2903226e-001  0.0000000e+000  0.0000000e+000  1.0000000e+000  2.0000000e+000
  2.5000000e-001  1.0000000e+000  6.6666667e-001  3.3962264e-001  2.0091324e-001  0.0000000e+000  1.0000000e+000  7.4045802e-001  0.0000000e+000  3.2258065e-001  5.0000000e-001  0.0000000e+000  0.0000000e+000  1.0000000e+000
  5.8333333e-001  1.0000000e+000  1.0000000e+000  1.5094340e-001  1.7123288e-001  0.0000000e+000  0.0000000e+000  4.1984733e-001  1.0000000e+000  2.4193548e-001  5.0000000e-001  0.0000000e+000  7.5000000e-001  1.0000000e+000
  2.7083333e-001  1.0000000e+000  0.0000000e+000  5.0943396e-001  2.6940639e-001  0.0000000e+000  1.0000000e+000  8.1679389e-001  0.0000000e+000  1.2903226e-001  0.0000000e+000  6.6666667e-001  0.0000000e+000  1.0000000e+000
  6.8750000e-001  1.0000000e+000  3.3333333e-001  3.2075472e-001  1.8721461e-001  1.0000000e+000  1.0000000e+000  5.2671756e-001  0.0000000e+000  0.0000000e+000  0.0000000e+000  0.0000000e+000  0.0000000e+000  1.0000000e+000
  6.2500000e-001  1.0000000e+000  0.0000000e+000  7.9245283e-001  3.2876712e-001  0.0000000e+000  1.0000000e+000  5.6488550e-001  0.0000000e+000  6.7741935e-001  1.0000000e+000  0.0000000e+000  1.0000000e+000  1.0000000e+000
  2.5000000e-001  0.0000000e+000  3.3333333e-001  3.0188679e-001  4.1095890e-001  0.0000000e+000  0.0000000e+000  7.0229008e-001  0.0000000e+000  0.0000000e+000  0.0000000e+000  0.0000000e+000  0.0000000e+000  1.0000000e+000
  4.3750000e-001  1.0000000e+000  1.0000000e+000  5.2830189e-001  2.6712329e-001  0.0000000e+000  1.0000000e+000  4.3511450e-001  0.0000000e+000  4.1935484e-001  5.0000000e-001  0.0000000e+000  1.0000000e+000  2.0000000e+000
  6.2500000e-001  1.0000000e+000  3.3333333e-001  4.3396226e-001  2.1689498e-001  0.0000000e+000  0.0000000e+000  7.0992366e-001  1.0000000e+000  0.0000000e+000  0.0000000e+000  0.0000000e+000  0.0000000e+000  1.0000000e+000
  6.6666667e-001  0.0000000e+000  1.0000000e+000  3.3962264e-001  4.6575342e-001  0.0000000e+000  1.0000000e+000  7.4809160e-001  0.0000000e+000  0.0000000e+000  0.0000000e+000  0.0000000e+000  0.0000000e+000  2.0000000e+000
  5.2083333e-001  1.0000000e+000  1.0000000e+000  2.8301887e-001  3.1963470e-001  0.0000000e+000  1.0000000e+000  2.9007634e-001  1.0000000e+000  3.5483871e-001  5.0000000e-001  3.3333333e-001  1.0000000e+000  2.0000000e+000
  5.2083333e-001  1.0000000e+000  1.0000000e+000  1.5094340e-001  1.8264840e-001  0.0000000e+000  1.0000000e+000  2.8244275e-001  1.0000000e+000  0.0000000e+000  5.0000000e-001  3.3333333e-001  0.0000000e+000  2.0000000e+000
  4.7916667e-001  1.0000000e+000  1.0000000e+000  2.9245283e-001  1.9634703e-001  0.0000000e+000  0.0000000e+000  7.4045802e-001  0.0000000e+000  1.6129032e-001  0.0000000e+000  6.6666667e-001  1.0000000e+000  2.0000000e+000
  3.7500000e-001  1.0000000e+000  1.0000000e+000  1.5094340e-001  3.4018265e-001  0.0000000e+000  1.0000000e+000  3.5877863e-001  1.0000000e+000  1.6129032e-001  5.0000000e-001  3.3333333e-001  0.0000000e+000  2.0000000e+000
  7.7083333e-001  1.0000000e+000  1.0000000e+000  2.4528302e-001  4.0182648e-001  0.0000000e+000  1.0000000e+000  6.1068702e-001  0.0000000e+000  6.4516129e-002  5.0000000e-001  0.0000000e+000  0.0000000e+000  1.0000000e+000
  6.0416667e-001  1.0000000e+000  1.0000000e+000  5.6603774e-002  2.4657534e-001  0.0000000e+000  0.0000000e+000  6.4885496e-001  0.0000000e+000  1.6129032e-002  0.0000000e+000  3.3333333e-001  1.0000000e+000  2.0000000e+000
  7.2916667e-001  0.0000000e+000  6.6666667e-001  4.3396226e-001  4.2694064e-001  0.0000000e+000  0.0000000e+000  4.7328244e-001  0.0000000e+000  3.2258065e-002  0.0000000e+000  0.0000000e+000  1.0000000e+000  1.0000000e+000
  4.3750000e-001  0.0000000e+000  3.3333333e-001  2.4528302e-001  2.6940639e-001  0.0000000e+000  0.0000000e+000  6.9465649e-001  0.0000000e+000  1.7741935e-001  0.0000000e+000  0.0000000e+000  0.0000000e+000  1.0000000e+000
  3.1250000e-001  0.0000000e+000  6.6666667e-001  1.3207547e-001  3.4246575e-002  0.0000000e+000  0.0000000e+000  7.9389313e-001  0.0000000e+000  9.6774194e-002  5.0000000e-001  0.0000000e+000  0.0000000e+000  1.0000000e+000
  7.9166667e-001  1.0000000e+000  1.0000000e+000  2.4528302e-001  2.5342466e-001  0.0000000e+000  0.0000000e+000  0.0000000e+000  0.0000000e+000  1.6129032e-001  5.0000000e-001  0.0000000e+000  0.0000000e+000  2.0000000e+000
  4.1666667e-001  0.0000000e+000  1.0000000e+000  3.3962264e-001  3.2648402e-001  0.0000000e+000  0.0000000e+000  7.0229008e-001  0.0000000e+000  0.0000000e+000  0.0000000e+000  0.0000000e+000  0.0000000e+000  1.0000000e+000
  5.8333333e-001  1.0000000e+000  1.0000000e+000  6.6981132e-001  3.7214612e-001  1.0000000e+000  1.0000000e+000  4.0458015e-001  0.0000000e+000  1.6129032e-001  5.0000000e-001  1.0000000e+000  1.0000000e+000  2.0000000e+000
  7.0833333e-001  1.0000000e+000  1.0000000e+000  3.3962264e-001  2.9223744e-001  0.0000000e+000  1.0000000e+000  5.8015267e-001  0.0000000e+000  2.2580645e-001  5.0000000e-001  3.3333333e-001  1.0000000e+000  2.0000000e+000
  3.9583333e-001  1.0000000e+000  1.0000000e+000  2.8301887e-001  3.3789954e-001  0.0000000e+000  1.0000000e+000  7.2519084e-001  0.0000000e+000  8.0645161e-002  5.0000000e-001  0.0000000e+000  1.0000000e+000  2.0000000e+000
  4.5833333e-001  1.0000000e+000  6.6666667e-001  5.6603774e-002  2.1917808e-001  0.0000000e+000  0.0000000e+000  5.4961832e-001  1.0000000e+000  1.9354839e-001  5.0000000e-001  0.0000000e+000  0.0000000e+000  1.0000000e+000
  6.4583333e-001  0.0000000e+000  1.0000000e+000  5.2830189e-001  3.0136986e-001  0.0000000e+000  1.0000000e+000  6.5648855e-001  0.0000000e+000  4.1935484e-001  5.0000000e-001  6.6666667e-001  1.0000000e+000  2.0000000e+000
  6.2500000e-001  1.0000000e+000  1.0000000e+000  4.3396226e-001  1.1643836e-001  0.0000000e+000  0.0000000e+000  6.9465649e-001  1.0000000e+000  0.0000000e+000  0.0000000e+000  3.3333333e-001  1.0000000e+000  2.0000000e+000
  3.3333333e-001  0.0000000e+000  3.3333333e-001  1.6981132e-001  7.7625571e-002  0.0000000e+000  0.0000000e+000  5.1145038e-001  0.0000000e+000  0.0000000e+000  5.0000000e-001  0.0000000e+000  0.0000000e+000  1.0000000e+000
  5.4166667e-001  0.0000000e+000  1.0000000e+000  8.1132075e-001  4.5890411e-001  0.0000000e+000  5.0000000e-001  3.5114504e-001  1.0000000e+000  5.4838710e-001  5.0000000e-001  0.0000000e+000  0.0000000e+000  2.0000000e+000
  2.5000000e-001  1.0000000e+000  3.3333333e-001  1.5094340e-001  2.4885845e-001  0.0000000e+000  0.0000000e+000  6.2595420e-001  0.0000000e+000  0.0000000e+000  0.0000000e+000  0.0000000e+000  0.0000000e+000  1.0000000e+000
  6.4583333e-001  0.0000000e+000  1.0000000e+000  6.0377358e-001  4.0867580e-001  0.0000000e+000  1.0000000e+000  6.8702290e-001  0.0000000e+000  0.0000000e+000  0.0000000e+000  0.0000000e+000  0.0000000e+000  2.0000000e+000
  5.2083333e-001  0.0000000e+000  6.6666667e-001  3.8679245e-001  4.0639269e-001  1.0000000e+000  0.0000000e+000  7.5572519e-001  0.0000000e+000  0.0000000e+000  0.0000000e+000  0.0000000e+000  0.0000000e+000  1.0000000e+000
  2.7083333e-001  1.0000000e+000  3.3333333e-001  2.4528302e-001  3.8584475e-001  0.0000000e+000  0.0000000e+000  6.9465649e-001  0.0000000e+000  0.0000000e+000  0.0000000e+000  0.0000000e+000  0.0000000e+000  1.0000000e+000
  4.1666667e-001  0.0000000e+000  3.3333333e-001  3.7735849e-001  3.3105023e-001  0.0000000e+000  0.0000000e+000  6.9465649e-001  0.0000000e+000  0.0000000e+000  5.0000000e-001  0.0000000e+000  0.0000000e+000  1.0000000e+000
  3.5416667e-001  1.0000000e+000  1.0000000e+000  2.4528302e-001  2.8082192e-001  0.0000000e+000  1.0000000e+000  5.5725191e-001  0.0000000e+000  1.2903226e-001  0.0000000e+000  0.0000000e+000  1.0000000e+000  2.0000000e+000
  5.6250000e-001  0.0000000e+000  1.0000000e+000  1.0000000e+000  3.6986301e-001  1.0000000e+000  1.0000000e+000  4.7328244e-001  1.0000000e+000  6.4516129e-001  1.0000000e+000  6.6666667e-001  1.0000000e+000  2.0000000e+000
  7.7083333e-001  0.0000000e+000  0.0000000e+000  5.2830189e-001  2.2831050e-001  0.0000000e+000  0.0000000e+000  3.2824427e-001  0.0000000e+000  4.1935484e-001  1.0000000e+000  0.0000000e+000  0.0000000e+000  1.0000000e+000
  5.6250000e-001  1.0000000e+000  1.0000000e+000  3.3962264e-001  3.5844749e-001  1.0000000e+000  1.0000000e+000  2.4427481e-001  1.0000000e+000  2.5806452e-001  1.0000000e+000  0.0000000e+000  1.0000000e+000  2.0000000e+000
  4.1666667e-001  1.0000000e+000  6.6666667e-001  2.4528302e-001  1.4155251e-001  0.0000000e+000  0.0000000e+000  5.1908397e-001  0.0000000e+000  3.2258065e-001  5.0000000e-001  1.0000000e+000  1.0000000e+000  2.0000000e+000
  5.2083333e-001  1.0000000e+000  1.0000000e+000  2.6415094e-001  3.6529680e-001  0.0000000e+000  1.0000000e+000  3.4351145e-001  1.0000000e+000  5.1612903e-001  5.0000000e-001  6.6666667e-001  0.0000000e+000  2.0000000e+000
  5.8333333e-001  1.0000000e+000  1.0000000e+000  5.4716981e-001  3.3789954e-001  0.0000000e+000  0.0000000e+000  1.2977099e-001  1.0000000e+000  1.9354839e-001  5.0000000e-001  3.3333333e-001  1.0000000e+000  2.0000000e+000
  7.5000000e-001  0.0000000e+000  6.6666667e-001  6.2264151e-001  5.3424658e-001  0.0000000e+000  1.0000000e+000  6.1068702e-001  0.0000000e+000  1.2903226e-001  0.0000000e+000  0.0000000e+000  0.0000000e+000  1.0000000e+000
  5.2083333e-001  1.0000000e+000  6.6666667e-001  2.9245283e-001  3.3561644e-001  0.0000000e+000  1.0000000e+000  6.1832061e-001  0.0000000e+000  8.0645161e-002  1.0000000e+000  3.3333333e-001  0.0000000e+000  1.0000000e+000
  5.2083333e-001  0.0000000e+000  6.6666667e-001  6.2264151e-001  1.7123288e-001  0.0000000e+000  0.0000000e+000  7.0229008e-001  0.0000000e+000  0.0000000e+000  0.0000000e+000  3.3333333e-001  0.0000000e+000  1.0000000e+000
  6.8750000e-001  1.0000000e+000  1.0000000e+000  2.4528302e-001  3.2191781e-001  0.0000000e+000  0.0000000e+000  2.1374046e-001  1.0000000e+000  2.9032258e-001  5.0000000e-001  6.6666667e-001  1.0000000e+000  2.0000000e+000
  4.7916667e-001  0.0000000e+000  6.6666667e-001  3.9622642e-001  1.5981735e-001  0.0000000e+000  1.0000000e+000  7.4809160e-001  0.0000000e+000  1.6129032e-002  5.0000000e-001  0.0000000e+000  0.0000000e+000  1.0000000e+000
  4.7916667e-001  1.0000000e+000  3.3333333e-001  3.7735849e-001  1.7123288e-001  0.0000000e+000  0.0000000e+000  6.6412214e-001  0.0000000e+000  1.2903226e-001  0.0000000e+000  3.3333333e-001  0.0000000e+000  1.0000000e+000
  6.4583333e-001  1.0000000e+000  1.0000000e+000  2.1698113e-001  2.3744292e-001  1.0000000e+000  0.0000000e+000  6.7938931e-001  1.0000000e+000  2.2580645e-001  0.0000000e+000  6.6666667e-001  1.0000000e+000  2.0000000e+000
  7.0833333e-001  0.0000000e+000  1.0000000e+000  1.3207547e-001  3.2648402e-001  0.0000000e+000  0.0000000e+000  7.4809160e-001  1.0000000e+000  2.9032258e-001  5.0000000e-001  6.6666667e-001  0.0000000e+000  2.0000000e+000
  7.7083333e-001  1.0000000e+000  1.0000000e+000  1.6981132e-001  1.9634703e-001  0.0000000e+000  1.0000000e+000  4.6564885e-001  1.0000000e+000  1.6129032e-002  0.0000000e+000  3.3333333e-001  0.0000000e+000  2.0000000e+000
  2.7083333e-001  1.0000000e+000  1.0000000e+000  4.3396226e-001  2.2831050e-001  0.0000000e+000  0.0000000e+000  8.1679389e-001  0.0000000e+000  0.0000000e+000  0.0000000e+000  0.0000000e+000  0.0000000e+000  1.0000000e+000
  7.2916667e-001  1.0000000e+000  1.0000000e+000  2.4528302e-001  2.7397260e-001  0.0000000e+000  1.0000000e+000  1.9083969e-001  1.0000000e+000  3.5483871e-001  1.0000000e+000  3.3333333e-001  0.0000000e+000  2.0000000e+000
  5.2083333e-001  1.0000000e+000  6.6666667e-001  5.2830189e-001  2.4200913e-001  0.0000000e+000  1.0000000e+000  7.1755725e-001  0.0000000e+000  2.5806452e-001  0.0000000e+000  0.0000000e+000  1.0000000e+000  1.0000000e+000
  3.5416667e-001  0.0000000e+000  6.6666667e-001  4.5283019e-001  1.1643836e-001  0.0000000e+000  1.0000000e+000  6.7938931e-001  1.0000000e+000  2.2580645e-001  1.0000000e+000  0.0000000e+000  0.0000000e+000  1.0000000e+000
  7.9166667e-001  0.0000000e+000  6.6666667e-001  5.4716981e-001  3.4474886e-001  0.0000000e+000  0.0000000e+000  7.7099237e-001  0.0000000e+000  0.0000000e+000  0.0000000e+000  3.3333333e-001  0.0000000e+000  1.0000000e+000
  5.6250000e-001  1.0000000e+000  1.0000000e+000  2.9245283e-001  2.8082192e-001  1.0000000e+000  1.0000000e+000  5.5725191e-001  1.0000000e+000  1.9354839e-001  5.0000000e-001  3.3333333e-001  0.0000000e+000  2.0000000e+000
  1.0416667e-001  0.0000000e+000  3.3333333e-001  2.2641509e-001  1.9178082e-001  0.0000000e+000  0.0000000e+000  9.2366412e-001  0.0000000e+000  1.1290323e-001  0.0000000e+000  0.0000000e+000  0.0000000e+000  1.0000000e+000
  5.8333333e-001  1.0000000e+000  1.0000000e+000  3.5849057e-001  1.8493151e-001  0.0000000e+000  0.0000000e+000  7.4045802e-001  1.0000000e+000  0.0000000e+000  0.0000000e+000  0.0000000e+000  1.0000000e+000  1.0000000e+000
  7.2916667e-001  1.0000000e+000  1.0000000e+000  4.8113208e-001  1.9634703e-001  0.0000000e+000  1.0000000e+000  4.6564885e-001  0.0000000e+000  3.2258065e-001  5.0000000e-001  6.6666667e-001  7.5000000e-001  2.0000000e+000
  6.2500000e-001  1.0000000e+000  1.0000000e+000  4.1509434e-001  3.3105023e-001  0.0000000e+000  1.0000000e+000  8.4732824e-001  0.0000000e+000  0.0000000e+000  0.0000000e+000  0.0000000e+000  0.0000000e+000  1.0000000e+000
  4.3750000e-001  1.0000000e+000  6.6666667e-001  4.3396226e-001  2.4429224e-001  0.0000000e+000  0.0000000e+000  7.0229008e-001  0.0000000e+000  9.6774194e-002  5.0000000e-001  3.3333333e-001  1.0000000e+000  2.0000000e+000
  4.5833333e-001  1.0000000e+000  0.0000000e+000  2.9245283e-001  1.9863014e-001  0.0000000e+000  1.0000000e+000  4.1221374e-001  1.0000000e+000  2.2580645e-001  0.0000000e+000  3.3333333e-001  0.0000000e+000  1.0000000e+000
  5.2083333e-001  1.0000000e+000  3.3333333e-001  9.2452830e-001  3.5844749e-001  0.0000000e+000  1.0000000e+000  9.4656489e-001  0.0000000e+000  0.0000000e+000  0.0000000e+000  3.3333333e-001  1.0000000e+000  2.0000000e+000
  5.0000000e-001  1.0000000e+000  1.0000000e+000  2.7358491e-001  3.5616438e-001  0.0000000e+000  0.0000000e+000  1.8320611e-001  1.0000000e+000  3.2258065e-001  5.0000000e-001  6.6666667e-001  1.0000000e+000  2.0000000e+000
  4.7916667e-001  1.0000000e+000  1.0000000e+000  1.6981132e-001  2.3744292e-001  0.0000000e+000  0.0000000e+000  6.7938931e-001  0.0000000e+000  0.0000000e+000  0.0000000e+000  3.3333333e-001  0.0000000e+000  2.0000000e+000
  2.2916667e-001  1.0000000e+000  1.0000000e+000  1.5094340e-001  9.3607306e-002  0.0000000e+000  1.0000000e+000  3.2824427e-001  1.0000000e+000  3.2258065e-001  5.0000000e-001  0.0000000e+000  1.0000000e+000  2.0000000e+000
  6.0416667e-001  1.0000000e+000  6.6666667e-001  3.5849057e-001  2.2374429e-001  0.0000000e+000  1.0000000e+000  7.7862595e-001  0.0000000e+000  5.1612903e-001  0.0000000e+000  6.6666667e-001  1.0000000e+000  2.0000000e+000
  2.5000000e-001  0.0000000e+000  6.6666667e-001  1.6981132e-001  3.2420091e-001  0.0000000e+000  1.0000000e+000  7.7099237e-001  1.0000000e+000  0.0000000e+000  0.0000000e+000  0.0000000e+000  0.0000000e+000  1.0000000e+000
  2.5000000e-001  1.0000000e+000  6.6666667e-001  1.6981132e-001  2.8310502e-001  0.0000000e+000  0.0000000e+000  8.2442748e-001  0.0000000e+000  0.0000000e+000  0.0000000e+000  0.0000000e+000  0.0000000e+000  1.0000000e+000
  4.3750000e-001  0.0000000e+000  6.6666667e-001  2.4528302e-001  2.1232877e-001  0.0000000e+000  0.0000000e+000  6.6412214e-001  0.0000000e+000  2.5806452e-001  5.0000000e-001  0.0000000e+000  0.0000000e+000  1.0000000e+000
  5.2083333e-001  0.0000000e+000  6.6666667e-001  1.3207547e-001  3.2191781e-001  0.0000000e+000  1.0000000e+000  7.3282443e-001  0.0000000e+000  0.0000000e+000  0.0000000e+000  0.0000000e+000  0.0000000e+000  1.0000000e+000
  7.2916667e-001  0.0000000e+000  1.0000000e+000  3.3962264e-001  4.0410959e-001  0.0000000e+000  0.0000000e+000  3.8931298e-001  0.0000000e+000  3.2258065e-001  5.0000000e-001  6.6666667e-001  0.0000000e+000  1.0000000e+000
  4.5833333e-001  0.0000000e+000  6.6666667e-001  3.3962264e-001  2.9680365e-001  0.0000000e+000  1.0000000e+000  5.9541985e-001  0.0000000e+000  8.0645161e-002  0.0000000e+000  0.0000000e+000  0.0000000e+000  1.0000000e+000
  3.5416667e-001  0.0000000e+000  3.3333333e-001  1.0377358e-001  1.7808219e-001  0.0000000e+000  0.0000000e+000  7.7099237e-001  0.0000000e+000  0.0000000e+000  0.0000000e+000  0.0000000e+000  0.0000000e+000  1.0000000e+000
  5.4166667e-001  1.0000000e+000  1.0000000e+000  4.3396226e-001  2.0776256e-001  0.0000000e+000  0.0000000e+000  3.0534351e-001  1.0000000e+000  9.0322581e-001  1.0000000e+000  0.0000000e+000  1.0000000e+000  2.0000000e+000
  3.3333333e-001  1.0000000e+000  3.3333333e-001  3.2075472e-001  4.1552511e-001  0.0000000e+000  1.0000000e+000  7.5572519e-001  0.0000000e+000  0.0000000e+000  0.0000000e+000  0.0000000e+000  0.0000000e+000  1.0000000e+000
  5.6250000e-001  1.0000000e+000  0.0000000e+000  2.4528302e-001  1.5296804e-001  0.0000000e+000  1.0000000e+000  6.9465649e-001  0.0000000e+000  3.0645161e-001  5.0000000e-001  0.0000000e+000  1.0000000e+000  1.0000000e+000
  7.7083333e-001  0.0000000e+000  1.0000000e+000  7.9245283e-001  2.3287671e-001  1.0000000e+000  0.0000000e+000  7.1755725e-001  1.0000000e+000  1.6129032e-001  5.0000000e-001  6.6666667e-001  1.0000000e+000  2.0000000e+000
  1.8750000e-001  1.0000000e+000  0.0000000e+000  2.4528302e-001  2.3972603e-001  0.0000000e+000  0.0000000e+000  8.4732824e-001  1.0000000e+000  6.1290323e-001  5.0000000e-001  0.0000000e+000  1.0000000e+000  2.0000000e+000
  6.8750000e-001  0.0000000e+000  1.0000000e+000  5.2830189e-001  2.6940639e-001  0.0000000e+000  0.0000000e+000  6.3358779e-001  1.0000000e+000  2.2580645e-001  5.0000000e-001  0.0000000e+000  0.0000000e+000  2.0000000e+000
  5.4166667e-001  1.0000000e+000  3.3333333e-001  3.3962264e-001  3.1050228e-001  0.0000000e+000  0.0000000e+000  6.4122137e-001  0.0000000e+000  0.0000000e+000  0.0000000e+000  0.0000000e+000  0.0000000e+000  1.0000000e+000
  6.0416667e-001  1.0000000e+000  1.0000000e+000  3.2075472e-001  3.0365297e-001  0.0000000e+000  1.0000000e+000  4.5038168e-001  1.0000000e+000  4.8387097e-001  5.0000000e-001  6.6666667e-001  1.0000000e+000  2.0000000e+000
  2.9166667e-001  1.0000000e+000  1.0000000e+000  1.5094340e-001  1.9406393e-001  0.0000000e+000  0.0000000e+000  6.8702290e-001  0.0000000e+000  0.0000000e+000  0.0000000e+000  0.0000000e+000  1.0000000e+000  1.0000000e+000
  7.2916667e-001  0.0000000e+000  1.0000000e+000  8.1132075e-001  4.5433790e-001  0.0000000e+000  0.0000000e+000  6.3358779e-001  1.0000000e+000  0.0000000e+000  0.0000000e+000  0.0000000e+000  0.0000000e+000  1.0000000e+000
  4.3750000e-001  0.0000000e+000  1.0000000e+000  1.5094340e-001  2.9223744e-001  0.0000000e+000  1.0000000e+000  6.7175573e-001  0.0000000e+000  0.0000000e+000  0.0000000e+000  0.0000000e+000  0.0000000e+000  1.0000000e+000
  5.0000000e-001  1.0000000e+000  6.6666667e-001  3.3962264e-001  1.6210046e-001  1.0000000e+000  1.0000000e+000  6.1832061e-001  0.0000000e+000  1.9354839e-001  1.0000000e+000  0.0000000e+000  0.0000000e+000  1.0000000e+000
  3.3333333e-001  0.0000000e+000  1.0000000e+000  4.1509434e-001  2.5114155e-001  0.0000000e+000  1.0000000e+000  6.1832061e-001  1.0000000e+000  3.2258065e-002  5.0000000e-001  0.0000000e+000  0.0000000e+000  1.0000000e+000
  7.5000000e-001  1.0000000e+000  0.0000000e+000  4.1509434e-001  3.5616438e-001  1.0000000e+000  1.0000000e+000  7.8625954e-001  0.0000000e+000  2.2580645e-001  5.0000000e-001  3.3333333e-001  0.0000000e+000  2.0000000e+000
  8.3333333e-001  1.0000000e+000  0.0000000e+000  6.2264151e-001  2.4657534e-001  1.0000000e+000  1.0000000e+000  4.5801527e-001  0.0000000e+000  1.6129032e-002  5.0000000e-001  3.3333333e-001  0.0000000e+000  1.0000000e+000
  8.3333333e-001  1.0000000e+000  6.6666667e-001  4.3396226e-001  2.9223744e-001  0.0000000e+000  1.0000000e+000  5.7251908e-001  0.0000000e+000  3.2258065e-001  5.0000000e-001  1.0000000e+000  1.0000000e+000  2.0000000e+000
  7.9166667e-001  1.0000000e+000  1.0000000e+000  5.6603774e-002  3.9497717e-001  0.0000000e+000  1.0000000e+000  4.1221374e-001  1.0000000e+000  1.4516129e-001  5.0000000e-001  6.6666667e-001  0.0000000e+000  2.0000000e+000
  8.1250000e-001  0.0000000e+000  6.6666667e-001  2.4528302e-001  1.9406393e-001  0.0000000e+000  1.0000000e+000  3.3587786e-001  0.0000000e+000  2.4193548e-001  5.0000000e-001  0.0000000e+000  0.0000000e+000  1.0000000e+000
  1.0416667e-001  1.0000000e+000  0.0000000e+000  2.2641509e-001  1.2785388e-001  0.0000000e+000  1.0000000e+000  7.8625954e-001  0.0000000e+000  0.0000000e+000  0.0000000e+000  0.0000000e+000  0.0000000e+000  1.0000000e+000
  6.8750000e-001  0.0000000e+000  1.0000000e+000  4.1509434e-001  3.8356164e-001  1.0000000e+000  0.0000000e+000  2.6717557e-001  0.0000000e+000  3.0645161e-001  5.0000000e-001  1.0000000e+000  0.0000000e+000  2.0000000e+000
  4.5833333e-001  1.0000000e+000  1.0000000e+000  4.3396226e-001  3.9269406e-001  0.0000000e+000  0.0000000e+000  3.8931298e-001  1.0000000e+000  6.7741935e-001  5.0000000e-001  1.0000000e+000  1.0000000e+000  2.0000000e+000
  3.5416667e-001  1.0000000e+000  6.6666667e-001  5.2830189e-001  2.3972603e-001  0.0000000e+000  0.0000000e+000  5.8015267e-001  0.0000000e+000  5.8064516e-001  5.0000000e-001  0.0000000e+000  0.0000000e+000  2.0000000e+000
  7.9166667e-001  1.0000000e+000  1.0000000e+000  2.9245283e-001  2.9223744e-001  1.0000000e+000  0.0000000e+000  7.0229008e-001  0.0000000e+000  3.2258065e-002  5.0000000e-001  6.6666667e-001  1.0000000e+000  2.0000000e+000
  4.3750000e-001  1.0000000e+000  6.6666667e-001  3.3018868e-001  1.5981735e-001  0.0000000e+000  0.0000000e+000  7.0229008e-001  0.0000000e+000  0.0000000e+000  0.0000000e+000  0.0000000e+000  0.0000000e+000  1.0000000e+000
  2.7083333e-001  1.0000000e+000  6.6666667e-001  2.4528302e-001  2.6027397e-001  1.0000000e+000  0.0000000e+000  9.3893130e-001  0.0000000e+000  1.2903226e-001  1.0000000e+000  0.0000000e+000  1.0000000e+000  1.0000000e+000
  5.6250000e-001  0.0000000e+000  1.0000000e+000  3.7735849e-001  6.4611872e-001  0.0000000e+000  1.0000000e+000  6.0305344e-001  1.0000000e+000  3.0645161e-001  5.0000000e-001  6.6666667e-001  1.0000000e+000  2.0000000e+000
  2.5000000e-001  1.0000000e+000  1.0000000e+000  1.5094340e-001  1.0502283e-001  0.0000000e+000  1.0000000e+000  6.6412214e-001  0.0000000e+000  0.0000000e+000  0.0000000e+000  0.0000000e+000  1.0000000e+000  2.0000000e+000
  2.7083333e-001  0.0000000e+000  1.0000000e+000  7.5471698e-002  3.1735160e-001  0.0000000e+000  1.0000000e+000  3.8931298e-001  0.0000000e+000  9.6774194e-002  5.0000000e-001  0.0000000e+000  0.0000000e+000  1.0000000e+000
  5.0000000e-001  1.0000000e+000  6.6666667e-001  3.3962264e-001  2.7397260e-001  1.0000000e+000  1.0000000e+000  7.7862595e-001  0.0000000e+000  0.0000000e+000  0.0000000e+000  1.0000000e+000  0.0000000e+000  1.0000000e+000
  2.9166667e-001  1.0000000e+000  6.6666667e-001  3.3962264e-001  4.3150685e-001  0.0000000e+000  0.0000000e+000  6.9465649e-001  0.0000000e+000  3.0645161e-001  0.0000000e+000  3.3333333e-001  0.0000000e+000  1.0000000e+000
  5.6250000e-001  1.0000000e+000  1.0000000e+000  3.5849057e-001  1.3242009e-001  0.0000000e+000  1.0000000e+000  2.5954198e-001  1.0000000e+000  3.3870968e-001  5.0000000e-001  3.3333333e-001  7.5000000e-001  2.0000000e+000
  4.7916667e-001  1.0000000e+000  1.0000000e+000  1.3207547e-001  2.4429224e-001  1.0000000e+000  0.0000000e+000  5.8015267e-001  0.0000000e+000  1.6129032e-002  0.0000000e+000  1.0000000e+000  1.0000000e+000  1.0000000e+000
  6.8750000e-001  0.0000000e+000  1.0000000e+000  4.3396226e-001  6.1187215e-001  0.0000000e+000  1.0000000e+000  6.5648855e-001  0.0000000e+000  1.9354839e-001  5.0000000e-001  0.0000000e+000  0.0000000e+000  1.0000000e+000
  8.5416667e-001  1.0000000e+000  6.6666667e-001  6.2264151e-001  3.2648402e-001  0.0000000e+000  0.0000000e+000  3.1297710e-001  1.0000000e+000  4.6774194e-001  5.0000000e-001  3.3333333e-001  1.0000000e+000  2.0000000e+000
  5.2083333e-001  1.0000000e+000  1.0000000e+000  4.3396226e-001  2.5799087e-001  0.0000000e+000  0.0000000e+000  6.7938931e-001  0.0000000e+000  1.9354839e-001  0.0000000e+000  0.0000000e+000  0.0000000e+000  1.0000000e+000
  8.5416667e-001  1.0000000e+000  1.0000000e+000  4.8113208e-001  1.0958904e-001  0.0000000e+000  0.0000000e+000  4.1221374e-001  1.0000000e+000  4.1935484e-001  1.0000000e+000  0.0000000e+000  1.0000000e+000  2.0000000e+000
  5.2083333e-001  1.0000000e+000  3.3333333e-001  1.3207547e-001  4.1780822e-001  0.0000000e+000  0.0000000e+000  6.4885496e-001  0.0000000e+000  0.0000000e+000  0.0000000e+000  0.0000000e+000  1.0000000e+000  1.0000000e+000
  1.2500000e-001  1.0000000e+000  1.0000000e+000  3.0188679e-001  3.5616438e-001  0.0000000e+000  1.0000000e+000  6.4885496e-001  1.0000000e+000  0.0000000e+000  0.0000000e+000  0.0000000e+000  1.0000000e+000  2.0000000e+000
  3.9583333e-001  1.0000000e+000  6.6666667e-001  2.8301887e-001  2.9452055e-001  1.0000000e+000  0.0000000e+000  7.9389313e-001  0.0000000e+000  0.0000000e+000  0.0000000e+000  6.6666667e-001  0.0000000e+000  1.0000000e+000
  5.4166667e-001  0.0000000e+000  3.3333333e-001  3.8679245e-001  2.8310502e-001  0.0000000e+000  1.0000000e+000  6.8702290e-001  0.0000000e+000  2.2580645e-001  5.0000000e-001  0.0000000e+000  0.0000000e+000  1.0000000e+000
  6.0416667e-001  0.0000000e+000  1.0000000e+000  5.6603774e-002  2.7853881e-001  0.0000000e+000  1.0000000e+000  3.8931298e-001  0.0000000e+000  1.6129032e-001  5.0000000e-001  0.0000000e+000  0.0000000e+000  1.0000000e+000
  5.2083333e-001  0.0000000e+000  6.6666667e-001  1.5094340e-001  2.0091324e-001  0.0000000e+000  0.0000000e+000  6.6412214e-001  0.0000000e+000  2.5806452e-001  5.0000000e-001  0.0000000e+000  0.0000000e+000  1.0000000e+000
  8.3333333e-001  0.0000000e+000  0.0000000e+000  4.3396226e-001  2.5799087e-001  0.0000000e+000  0.0000000e+000  6.1068702e-001  0.0000000e+000  2.9032258e-001  0.0000000e+000  6.6666667e-001  0.0000000e+000  1.0000000e+000
  1.0000000e+000  1.0000000e+000  1.0000000e+000  2.9245283e-001  4.0639269e-001  0.0000000e+000  1.0000000e+000  6.9465649e-001  1.0000000e+000  0.0000000e+000  0.0000000e+000  1.0000000e+000  0.0000000e+000  2.0000000e+000
  8.1250000e-001  1.0000000e+000  6.6666667e-001  2.2641509e-001  3.4474886e-001  0.0000000e+000  0.0000000e+000  6.1068702e-001  0.0000000e+000  1.6129032e-001  0.0000000e+000  3.3333333e-001  1.0000000e+000  1.0000000e+000
  6.0416667e-001  1.0000000e+000  1.0000000e+000  2.9245283e-001  3.9726027e-001  0.0000000e+000  1.0000000e+000  7.6335878e-001  0.0000000e+000  0.0000000e+000  0.0000000e+000  6.6666667e-001  1.0000000e+000  2.0000000e+000
  6.4583333e-001  1.0000000e+000  1.0000000e+000  2.9245283e-001  3.0136986e-001  0.0000000e+000  1.0000000e+000  5.3435115e-001  1.0000000e+000  4.5161290e-001  5.0000000e-001  3.3333333e-001  1.0000000e+000  2.0000000e+000
  4.5833333e-001  1.0000000e+000  1.0000000e+000  4.3396226e-001  3.9497717e-001  0.0000000e+000  0.0000000e+000  7.7862595e-001  1.0000000e+000  2.5806452e-001  0.0000000e+000  0.0000000e+000  1.0000000e+000  2.0000000e+000
  5.4166667e-001  1.0000000e+000  1.0000000e+000  6.2264151e-001  3.7214612e-001  0.0000000e+000  1.0000000e+000  5.6488550e-001  1.0000000e+000  1.2903226e-001  5.0000000e-001  3.3333333e-001  1.0000000e+000  2.0000000e+000
  4.7916667e-001  1.0000000e+000  0.0000000e+000  5.4716981e-001  3.9269406e-001  1.0000000e+000  0.0000000e+000  8.1679389e-001  0.0000000e+000  1.9354839e-001  5.0000000e-001  0.0000000e+000  1.0000000e+000  1.0000000e+000
  6.4583333e-001  0.0000000e+000  6.6666667e-001  7.5471698e-002  4.3835616e-001  0.0000000e+000  0.0000000e+000  6.7938931e-001  0.0000000e+000  0.0000000e+000  0.0000000e+000  3.3333333e-001  0.0000000e+000  1.0000000e+000
  6.0416667e-001  1.0000000e+000  6.6666667e-001  1.0377358e-001  2.6027397e-001  0.0000000e+000  1.0000000e+000  6.3358779e-001  1.0000000e+000  9.6774194e-002  5.0000000e-001  0.0000000e+000  1.0000000e+000  1.0000000e+000
  7.2916667e-001  1.0000000e+000  6.6666667e-001  2.9245283e-001  4.1780822e-001  0.0000000e+000  0.0000000e+000  4.5801527e-001  1.0000000e+000  2.9032258e-001  5.0000000e-001  0.0000000e+000  1.0000000e+000  2.0000000e+000
  1.6666667e-001  1.0000000e+000  6.6666667e-001  3.3962264e-001  2.8310502e-001  0.0000000e+000  0.0000000e+000  8.8549618e-001  0.0000000e+000  5.6451613e-001  1.0000000e+000  0.0000000e+000  0.0000000e+000  1.0000000e+000
  6.2500000e-001  1.0000000e+000  0.0000000e+000  7.1698113e-001  3.6986301e-001  0.0000000e+000  1.0000000e+000  6.7175573e-001  0.0000000e+000  3.2258065e-002  5.0000000e-001  0.0000000e+000  1.0000000e+000  2.0000000e+000
  4.5833333e-001  1.0000000e+000  6.6666667e-001  2.9245283e-001  2.7168950e-001  1.0000000e+000  1.0000000e+000  7.2519084e-001  0.0000000e+000  3.8709677e-001  5.0000000e-001  0.0000000e+000  0.0000000e+000  1.0000000e+000
  2.9166667e-001  0.0000000e+000  6.6666667e-001  2.6415094e-001  1.9863014e-001  0.0000000e+000  0.0000000e+000  7.1755725e-001  0.0000000e+000  3.2258065e-002  5.0000000e-001  0.0000000e+000  0.0000000e+000  1.0000000e+000
  6.0416667e-001  1.0000000e+000  1.0000000e+000  3.2075472e-001  2.0547945e-001  0.0000000e+000  1.0000000e+000  4.5801527e-001  1.0000000e+000  3.5483871e-001  5.0000000e-001  1.0000000e+000  1.0000000e+000  2.0000000e+000
  0.0000000e+000  1.0000000e+000  3.3333333e-001  3.3962264e-001  1.7808219e-001  0.0000000e+000  1.0000000e+000  1.0000000e+000  0.0000000e+000  0.0000000e+000  0.0000000e+000  0.0000000e+000  0.0000000e+000  1.0000000e+000
  2.5000000e-001  0.0000000e+000  3.3333333e-001  3.3962264e-001  1.7808219e-001  0.0000000e+000  1.0000000e+000  7.7099237e-001  0.0000000e+000  2.2580645e-001  0.0000000e+000  0.0000000e+000  0.0000000e+000  1.0000000e+000
  7.0833333e-001  0.0000000e+000  6.6666667e-001  3.8679245e-001  2.8767123e-001  0.0000000e+000  1.0000000e+000  7.7099237e-001  0.0000000e+000  0.0000000e+000  0.0000000e+000  0.0000000e+000  0.0000000e+000  1.0000000e+000
  4.5833333e-001  1.0000000e+000  6.6666667e-001 -1.1102230e-016  2.3059361e-001  0.0000000e+000  0.0000000e+000  6.3358779e-001  1.0000000e+000  0.0000000e+000  0.0000000e+000  3.3333333e-001  1.0000000e+000  1.0000000e+000
  5.2083333e-001  1.0000000e+000  6.6666667e-001  2.4528302e-001  3.0136986e-001  0.0000000e+000  1.0000000e+000  5.8015267e-001  0.0000000e+000  6.4516129e-002  5.0000000e-001  0.0000000e+000  1.0000000e+000  1.0000000e+000
  3.1250000e-001  1.0000000e+000  3.3333333e-001  2.4528302e-001  2.1461187e-001  0.0000000e+000  0.0000000e+000  7.5572519e-001  0.0000000e+000  0.0000000e+000  0.0000000e+000  0.0000000e+000  0.0000000e+000  1.0000000e+000
  5.2083333e-001  1.0000000e+000  1.0000000e+000  1.5094340e-001  2.5799087e-001  0.0000000e+000  0.0000000e+000  4.1984733e-001  1.0000000e+000  4.5161290e-001  5.0000000e-001  3.3333333e-001  1.0000000e+000  2.0000000e+000
  7.5000000e-001  1.0000000e+000  1.0000000e+000  3.8679245e-001  2.9223744e-001  0.0000000e+000  1.0000000e+000  4.2748092e-001  0.0000000e+000  4.5161290e-001  5.0000000e-001  3.3333333e-001  1.0000000e+000  2.0000000e+000
  5.8333333e-001  1.0000000e+000  6.6666667e-001  5.2830189e-001  9.5890411e-002  0.0000000e+000  0.0000000e+000  7.8625954e-001  0.0000000e+000  2.5806452e-001  0.0000000e+000  0.0000000e+000  0.0000000e+000  1.0000000e+000
  7.0833333e-001  1.0000000e+000  1.0000000e+000  3.3962264e-001  4.6575342e-001  1.0000000e+000  1.0000000e+000  4.6564885e-001  1.0000000e+000  2.9032258e-001  0.0000000e+000  1.0000000e+000  1.0000000e+000  2.0000000e+000
  1.2500000e-001  0.0000000e+000  1.0000000e+000  4.1509434e-001  1.3013699e-001  0.0000000e+000  0.0000000e+000  8.4732824e-001  0.0000000e+000  2.2580645e-001  0.0000000e+000  0.0000000e+000  0.0000000e+000  1.0000000e+000
  2.5000000e-001  1.0000000e+000  3.3333333e-001  3.8679245e-001  1.7579909e-001  0.0000000e+000  0.0000000e+000  4.6564885e-001  0.0000000e+000  0.0000000e+000  5.0000000e-001  0.0000000e+000  7.5000000e-001  1.0000000e+000
  6.8750000e-001  0.0000000e+000  6.6666667e-001  3.3962264e-001  3.1278539e-001  0.0000000e+000  0.0000000e+000  1.9847328e-001  0.0000000e+000  1.9354839e-001  5.0000000e-001  3.3333333e-001  1.0000000e+000  2.0000000e+000
  2.9166667e-001  0.0000000e+000  1.0000000e+000  3.5849057e-001  4.9086758e-001  1.0000000e+000  1.0000000e+000  4.9618321e-001  1.0000000e+000  4.8387097e-001  5.0000000e-001  0.0000000e+000  1.0000000e+000  2.0000000e+000
  6.0416667e-001  0.0000000e+000  0.0000000e+000  5.2830189e-001  3.5844749e-001  1.0000000e+000  1.0000000e+000  6.9465649e-001  0.0000000e+000  1.6129032e-001  0.0000000e+000  0.0000000e+000  0.0000000e+000  1.0000000e+000
  4.7916667e-001  1.0000000e+000  0.0000000e+000  2.2641509e-001  1.3698630e-001  0.0000000e+000  1.0000000e+000  9.0839695e-001  0.0000000e+000  0.0000000e+000  5.0000000e-001  0.0000000e+000  7.5000000e-001  1.0000000e+000
  6.6666667e-001  0.0000000e+000  1.0000000e+000  4.8113208e-001  4.1324201e-001  0.0000000e+000  1.0000000e+000  5.7251908e-001  1.0000000e+000  1.6129032e-001  5.0000000e-001  0.0000000e+000  1.0000000e+000  2.0000000e+000
  2.0833333e-001  1.0000000e+000  1.0000000e+000  2.2641509e-001  2.1232877e-001  0.0000000e+000  0.0000000e+000  5.2671756e-001  0.0000000e+000  1.9354839e-001  5.0000000e-001  0.0000000e+000  1.0000000e+000  2.0000000e+000
  3.3333333e-001  1.0000000e+000  1.0000000e+000  1.9811321e-001  3.0593607e-001  0.0000000e+000  1.0000000e+000  8.7022901e-001  0.0000000e+000  0.0000000e+000  0.0000000e+000  0.0000000e+000  0.0000000e+000  1.0000000e+000
  4.7916667e-001  1.0000000e+000  1.0000000e+000  3.2075472e-001  2.9452055e-001  0.0000000e+000  0.0000000e+000  6.8702290e-001  1.0000000e+000  0.0000000e+000  0.0000000e+000  3.3333333e-001  1.0000000e+000  2.0000000e+000
  6.8750000e-001  1.0000000e+000  6.6666667e-001  3.3962264e-001  2.3972603e-001  0.0000000e+000  0.0000000e+000  5.7251908e-001  0.0000000e+000  2.9032258e-001  5.0000000e-001  1.0000000e+000  1.0000000e+000  1.0000000e+000
  6.8750000e-001  0.0000000e+000  1.0000000e+000  6.2264151e-001  8.6757991e-002  0.0000000e+000  1.0000000e+000  5.6488550e-001  0.0000000e+000  1.0000000e+000  1.0000000e+000  1.0000000e+000  1.0000000e+000  2.0000000e+000
  5.0000000e-001  0.0000000e+000  1.0000000e+000  4.1509434e-001  2.4657534e-001  0.0000000e+000  1.0000000e+000  6.7938931e-001  0.0000000e+000  0.0000000e+000  0.0000000e+000  0.0000000e+000  0.0000000e+000  1.0000000e+000
  2.9166667e-001  1.0000000e+000  1.0000000e+000  2.4528302e-001  1.1643836e-001  0.0000000e+000  1.0000000e+000  3.7404580e-001  1.0000000e+000  4.0322581e-001  5.0000000e-001  0.0000000e+000  1.0000000e+000  2.0000000e+000
  3.7500000e-001  1.0000000e+000  6.6666667e-001  4.1509434e-001  2.9908676e-001  0.0000000e+000  1.0000000e+000  6.4885496e-001  0.0000000e+000  0.0000000e+000  0.0000000e+000  0.0000000e+000  0.0000000e+000  1.0000000e+000
  4.7916667e-001  1.0000000e+000  3.3333333e-001  2.4528302e-001  4.5433790e-001  0.0000000e+000  0.0000000e+000  7.7099237e-001  0.0000000e+000  3.2258065e-002  0.0000000e+000  0.0000000e+000  0.0000000e+000  1.0000000e+000
  8.1250000e-001  1.0000000e+000  6.6666667e-001  8.1132075e-001  3.3789954e-001  1.0000000e+000  1.0000000e+000  6.0305344e-001  1.0000000e+000  2.5806452e-001  5.0000000e-001  0.0000000e+000  1.0000000e+000  2.0000000e+000
  2.0833333e-001  1.0000000e+000  6.6666667e-001  4.3396226e-001  4.4520548e-001  0.0000000e+000  1.0000000e+000  8.4732824e-001  0.0000000e+000  0.0000000e+000  0.0000000e+000  0.0000000e+000  0.0000000e+000  1.0000000e+000
  5.0000000e-001  0.0000000e+000  1.0000000e+000  3.3962264e-001  3.1506849e-001  0.0000000e+000  1.0000000e+000  5.4961832e-001  0.0000000e+000  6.4516129e-002  5.0000000e-001  0.0000000e+000  0.0000000e+000  1.0000000e+000
  6.8750000e-001  0.0000000e+000  1.0000000e+000  4.3396226e-001  3.2420091e-001  0.0000000e+000  1.0000000e+000  6.7938931e-001  0.0000000e+000  5.8064516e-001  1.0000000e+000  6.6666667e-001  0.0000000e+000  2.0000000e+000
  4.5833333e-001  0.0000000e+000  6.6666667e-001  4.3396226e-001  4.1552511e-001  0.0000000e+000  1.0000000e+000  5.4198473e-001  0.0000000e+000  2.4193548e-001  0.0000000e+000  3.3333333e-001  0.0000000e+000  1.0000000e+000
  6.4583333e-001  1.0000000e+000  1.0000000e+000  3.3962264e-001  2.8995434e-001  0.0000000e+000  0.0000000e+000  5.5725191e-001  1.0000000e+000  2.2580645e-001  0.0000000e+000  3.3333333e-001  1.0000000e+000  2.0000000e+000
  7.5000000e-001  1.0000000e+000  1.0000000e+000  1.5094340e-001  2.7853881e-001  0.0000000e+000  1.0000000e+000  6.6412214e-001  0.0000000e+000  9.6774194e-002  0.0000000e+000  6.6666667e-001  7.5000000e-001  2.0000000e+000
  7.5000000e-001  0.0000000e+000  6.6666667e-001  5.7547170e-001  3.2648402e-001  0.0000000e+000  0.0000000e+000  5.8778626e-001  0.0000000e+000  1.2903226e-001  0.0000000e+000  0.0000000e+000  0.0000000e+000  1.0000000e+000
  6.4583333e-001  1.0000000e+000  6.6666667e-001  4.3396226e-001  1.3470320e-001  0.0000000e+000  1.0000000e+000  6.4122137e-001  0.0000000e+000  4.8387097e-001  5.0000000e-001  0.0000000e+000  0.0000000e+000  2.0000000e+000
  6.4583333e-001  1.0000000e+000  1.0000000e+000  4.8113208e-001  3.5616438e-001  0.0000000e+000  1.0000000e+000  5.4198473e-001  1.0000000e+000  4.5161290e-001  5.0000000e-001  6.6666667e-001  1.0000000e+000  2.0000000e+000
  5.2083333e-001  1.0000000e+000  1.0000000e+000  2.4528302e-001  1.4155251e-001  0.0000000e+000  0.0000000e+000  3.2061069e-001  0.0000000e+000  2.2580645e-001  5.0000000e-001  3.3333333e-001  1.0000000e+000  2.0000000e+000
  3.1250000e-001  1.0000000e+000  3.3333333e-001  3.3962264e-001  2.1232877e-001  0.0000000e+000  1.0000000e+000  8.9312977e-001  0.0000000e+000  0.0000000e+000  0.0000000e+000  0.0000000e+000  0.0000000e+000  1.0000000e+000
  3.1250000e-001  1.0000000e+000  1.0000000e+000  1.6981132e-001  3.7442922e-001  0.0000000e+000  1.0000000e+000  6.2595420e-001  0.0000000e+000  0.0000000e+000  0.0000000e+000  3.3333333e-001  0.0000000e+000  2.0000000e+000
  4.5833333e-001  1.0000000e+000  6.6666667e-001  1.5094340e-001  1.1187215e-001  0.0000000e+000  0.0000000e+000  3.9694656e-001  0.0000000e+000  9.6774194e-002  0.0000000e+000  0.0000000e+000  0.0000000e+000  1.0000000e+000
  6.2500000e-001  1.0000000e+000  6.6666667e-001  5.2830189e-001  1.9634703e-001  1.0000000e+000  0.0000000e+000  6.5648855e-001  0.0000000e+000  2.5806452e-001  0.0000000e+000  0.0000000e+000  0.0000000e+000  1.0000000e+000
  8.7500000e-001  0.0000000e+000  3.3333333e-001  6.2264151e-001  4.0182648e-001  0.0000000e+000  0.0000000e+000  6.9465649e-001  0.0000000e+000  6.4516129e-002  0.0000000e+000  6.6666667e-001  0.0000000e+000  1.0000000e+000
  6.6666667e-001  1.0000000e+000  6.6666667e-001  5.2830189e-001  2.6712329e-001  1.0000000e+000  0.0000000e+000  5.0381679e-001  1.0000000e+000  1.6129032e-001  5.0000000e-001  0.0000000e+000  0.0000000e+000  1.0000000e+000
  5.4166667e-001  1.0000000e+000  1.0000000e+000  3.5849057e-001  5.1826484e-001  0.0000000e+000  0.0000000e+000  4.6564885e-001  1.0000000e+000  1.9354839e-001  5.0000000e-001  3.3333333e-001  1.0000000e+000  2.0000000e+000
  7.2916667e-001  1.0000000e+000  6.6666667e-001  4.3396226e-001  4.7716895e-001  0.0000000e+000  0.0000000e+000  6.6412214e-001  0.0000000e+000  0.0000000e+000  0.0000000e+000  0.0000000e+000  0.0000000e+000  2.0000000e+000
  2.9166667e-001  1.0000000e+000  1.0000000e+000  5.2830189e-001  2.7625571e-001  0.0000000e+000  0.0000000e+000  7.6335878e-001  0.0000000e+000  2.4193548e-001  0.0000000e+000  0.0000000e+000  0.0000000e+000  1.0000000e+000
  6.0416667e-001  0.0000000e+000  6.6666667e-001  2.4528302e-001  4.8858447e-001  0.0000000e+000  0.0000000e+000  7.7099237e-001  0.0000000e+000  0.0000000e+000  0.0000000e+000  0.0000000e+000  0.0000000e+000  1.0000000e+000
  6.4583333e-001  1.0000000e+000  1.0000000e+000  3.3962264e-001  1.8264840e-001  0.0000000e+000  1.0000000e+000  4.6564885e-001  1.0000000e+000  3.8709677e-001  5.0000000e-001  6.6666667e-001  1.0000000e+000  2.0000000e+000
  6.0416667e-001  1.0000000e+000  3.3333333e-001  2.4528302e-001  3.6073059e-001  0.0000000e+000  1.0000000e+000  6.7938931e-001  0.0000000e+000  2.9032258e-001  5.0000000e-001  0.0000000e+000  0.0000000e+000  2.0000000e+000
  4.1666667e-001  1.0000000e+000  3.3333333e-001  3.3962264e-001  3.1963470e-001  0.0000000e+000  0.0000000e+000  7.6335878e-001  0.0000000e+000  9.6774194e-002  0.0000000e+000  0.0000000e+000  0.0000000e+000  1.0000000e+000
  3.9583333e-001  1.0000000e+000  3.3333333e-001  1.5094340e-001  2.3515982e-001  0.0000000e+000  0.0000000e+000  7.4045802e-001  0.0000000e+000  1.6129032e-001  1.0000000e+000  0.0000000e+000  1.0000000e+000  2.0000000e+000
  4.7916667e-001  1.0000000e+000  6.6666667e-001  7.3584906e-001  1.6666667e-001  1.0000000e+000  0.0000000e+000  6.9465649e-001  0.0000000e+000  8.0645161e-002  0.0000000e+000  0.0000000e+000  1.0000000e+000  1.0000000e+000
  3.1250000e-001  1.0000000e+000  3.3333333e-001  2.4528302e-001  3.1278539e-001  0.0000000e+000  0.0000000e+000  7.7862595e-001  0.0000000e+000  0.0000000e+000  0.0000000e+000  0.0000000e+000  1.0000000e+000  1.0000000e+000
  5.6250000e-001  0.0000000e+000  3.3333333e-001  4.3396226e-001  3.8356164e-001  0.0000000e+000  1.0000000e+000  6.2595420e-001  0.0000000e+000  2.0967742e-001  5.0000000e-001  0.0000000e+000  0.0000000e+000  1.0000000e+000
  5.8333333e-001  1.0000000e+000  1.0000000e+000  4.3396226e-001  1.5068493e-001  0.0000000e+000  0.0000000e+000  5.8778626e-001  0.0000000e+000  6.4516129e-002  5.0000000e-001  0.0000000e+000  7.5000000e-001  1.0000000e+000
  7.9166667e-001  1.0000000e+000  1.0000000e+000  6.2264151e-001  3.6529680e-001  0.0000000e+000  1.0000000e+000  2.8244275e-001  1.0000000e+000  2.4193548e-001  5.0000000e-001  1.0000000e+000  0.0000000e+000  2.0000000e+000
